hosts threads instance probability runtime totalspawns
1 16 brock400_1 10000000 481241 2046
1 16 brock400_1 1000000 465392 23105
1 16 brock400_2 100000 452382 72751
1 2 brock400_1 10000000 539944 2844
1 2 brock400_1 1000000 961622 18554
1 2 brock400_1 100000 nan nan
1 2 brock400_1 10000 nan nan
1 16 brock400_2 10000000 181320 1167
1 16 brock400_2 1000000 364471 17211
1 16 brock400_2 100000 358134 58345
1 16 brock400_2 10000 2810936 516129
1 2 brock400_2 10000000 332328 1810
1 2 brock400_2 1000000 767255 15598
1 16 brock400_2 10000 3394867 632039
1 2 brock400_2 100000 3560591 118022
1 2 brock400_2 10000 nan nan
1 16 brock400_3 10000000 203815 1658
1 16 brock400_3 1000000 98721 5168
1 16 brock400_3 100000 630987 99631
1 16 brock400_3 10000 2458714 467102
1 2 brock400_3 10000000 307963 1201
1 2 brock400_3 1000000 788321 15006
1 2 brock400_3 100000 2845367 94205
1 2 brock400_3 10000 nan nan
1 2 brock400_2 10000000 387986 1849
1 16 brock800_3 10000000 nan nan
1 16 brock800_3 1000000 nan nan
1 16 brock800_3 100000 nan nan
1 16 brock800_3 10000 nan nan
1 2 brock800_3 10000000 nan nan
1 2 brock800_3 1000000 nan nan
1 2 brock800_3 100000 nan nan
1 2 brock800_3 10000 nan nan
1 16 brock800_4 10000000 1456265 14721
1 16 brock800_4 1000000 2297774 150623
1 2 brock400_2 1000000 769196 15932
1 16 brock800_4 100000 nan nan
1 16 brock800_4 10000 nan nan
1 2 brock800_4 10000000 2194449 15205
1 2 brock800_4 1000000 nan nan
1 2 brock800_4 100000 nan nan
1 2 brock800_4 10000 nan nan
1 2 brock400_2 100000 3404737 113444
4 16 brock400_1 10000000 108593 2073
4 16 brock400_1 1000000 75146 14341
4 16 brock400_1 100000 389416 241350
4 16 brock400_1 10000 1125849 849039
4 16 brock400_2 10000000 154608 637
4 16 brock400_2 1000000 80425 15393
1 2 brock400_2 10000 nan nan
4 16 brock400_2 100000 148860 90196
4 16 brock400_2 10000 868260 647543
4 16 brock400_3 10000000 48183 400
4 16 brock400_3 1000000 19259 3285
4 16 brock400_3 100000 101332 62394
4 16 brock400_3 10000 781472 584955
4 16 brock800_3 10000000 527978 20564
4 16 brock800_3 1000000 452435 112568
4 16 brock800_3 100000 2648493 1719136
4 16 brock800_3 10000 nan nan
1 16 brock400_3 10000000 121084 1187
4 16 brock800_4 10000000 408311 11048
4 16 brock800_4 1000000 1091473 250752
4 16 brock800_4 100000 1280176 832923
4 16 brock800_4 10000 nan nan
4 16 brock400_1 10000000 152559 2370
4 16 brock400_1 1000000 127598 22275
1 16 brock400_3 1000000 102678 5589
4 16 brock400_1 100000 189917 115312
4 16 brock400_1 10000 1219171 927280
4 16 brock400_2 10000000 91566 1728
4 16 brock400_2 1000000 90736 15162
4 16 brock400_2 100000 111291 68381
4 16 brock400_2 10000 859235 646244
4 16 brock400_3 10000000 84141 936
4 16 brock400_3 1000000 48836 7614
4 16 brock400_3 100000 163049 101524
4 16 brock400_3 10000 1258809 940715
1 16 brock400_3 100000 371643 57887
4 16 brock800_3 10000000 478155 18906
4 16 brock800_3 1000000 918247 215612
4 16 brock800_3 100000 2710610 1758755
4 16 brock800_3 10000 nan nan
4 16 brock800_4 10000000 367661 14413
4 16 brock800_4 1000000 422901 105291
4 16 brock800_4 100000 1196983 772664
4 16 brock800_4 10000 nan nan
1 16 brock400_3 10000 3067862 581053
4 16 brock400_1 10000000 103767 2533
4 16 brock400_1 1000000 81735 15002
4 16 brock400_1 100000 175979 107439
4 16 brock400_1 10000 1416672 1059577
4 16 brock400_2 10000000 111906 1588
4 16 brock400_2 1000000 76959 13752
4 16 brock400_2 100000 254473 154738
4 16 brock400_2 10000 1522990 1138744
1 16 brock400_1 100000 1027636 159977
1 2 brock400_3 10000000 312591 1804
4 16 brock400_3 10000000 110079 1400
4 16 brock400_3 1000000 63919 8283
4 16 brock400_3 100000 72755 45202
4 16 brock400_3 10000 792060 592739
4 16 brock800_3 10000000 417033 13240
4 16 brock800_3 1000000 480698 117516
4 16 brock800_3 100000 1367728 885935
4 16 brock800_3 10000 nan nan
4 16 brock800_4 10000000 597293 23439
4 16 brock800_4 1000000 457494 119722
1 2 brock400_3 1000000 385483 7705
4 16 brock800_4 100000 1104541 712714
4 16 brock800_4 10000 nan nan
8 16 brock400_1 10000000 87725 3505
8 16 brock400_1 1000000 57785 14825
8 16 brock400_1 100000 131466 157856
8 16 brock400_1 10000 565956 840988
1 2 brock400_3 100000 2901660 95994
8 16 brock400_2 10000000 62485 1944
8 16 brock400_2 1000000 43953 12549
8 16 brock400_2 100000 86199 102929
8 16 brock400_2 10000 1065564 1583059
8 16 brock400_3 10000000 82537 1929
8 16 brock400_3 1000000 39207 9871
8 16 brock400_3 100000 44472 53797
8 16 brock400_3 10000 343468 512590
8 16 brock800_3 10000000 297138 9061
8 16 brock800_3 1000000 264901 128841
1 2 brock400_3 10000 nan nan
8 16 brock800_3 100000 756938 980810
8 16 brock800_3 10000 nan nan
8 16 brock800_4 10000000 257608 17456
8 16 brock800_4 1000000 301755 145191
8 16 brock800_4 100000 1400106 1808020
8 16 brock800_4 10000 nan nan
1 16 brock800_3 10000000 nan nan
8 16 brock400_1 10000000 76405 1955
8 16 brock400_1 1000000 64006 13247
8 16 brock400_1 100000 93880 111205
8 16 brock400_1 10000 673421 1000829
8 16 brock400_2 10000000 67897 2814
8 16 brock400_2 1000000 51309 15814
8 16 brock400_2 100000 101696 117677
8 16 brock400_2 10000 623099 921086
8 16 brock400_3 10000000 61354 2670
8 16 brock400_3 1000000 16031 3638
1 16 brock800_3 1000000 nan nan
8 16 brock400_3 100000 73512 87513
8 16 brock400_3 10000 369583 547079
8 16 brock800_3 10000000 246018 15115
8 16 brock800_3 1000000 249561 118110
8 16 brock800_3 100000 784853 994370
8 16 brock800_3 10000 nan nan
8 16 brock800_4 10000000 322734 20816
8 16 brock800_4 1000000 215709 110849
8 16 brock800_4 100000 728096 932692
8 16 brock800_4 10000 nan nan
1 16 brock800_3 100000 nan nan
8 16 brock400_1 10000000 73343 1345
8 16 brock400_1 1000000 63728 14907
8 16 brock400_1 100000 108705 127617
8 16 brock400_1 10000 673406 995481
8 16 brock400_2 10000000 74925 1203
8 16 brock400_2 1000000 37922 9502
1 16 brock800_3 10000 nan nan
8 16 brock400_2 100000 73968 89034
8 16 brock400_2 10000 460746 679416
8 16 brock400_3 10000000 37553 1584
8 16 brock400_3 1000000 18554 6317
8 16 brock400_3 100000 70554 82874
8 16 brock400_3 10000 189318 278759
8 16 brock800_3 10000000 373517 22738
8 16 brock800_3 1000000 288412 137608
8 16 brock800_3 100000 1072811 1379164
8 16 brock800_3 10000 nan nan
1 2 brock800_3 10000000 nan nan
8 16 brock800_4 10000000 287723 18919
8 16 brock800_4 1000000 190150 94812
8 16 brock800_4 100000 724168 935826
8 16 brock800_4 10000 nan nan
17 16 brock400_1 10000000 73995 1491
17 16 brock400_1 1000000 39047 16057
1 2 brock800_3 1000000 nan nan
17 16 brock400_1 100000 109180 263725
17 16 brock400_1 10000 326815 1010581
17 16 brock400_2 10000000 60215 3142
17 16 brock400_2 1000000 38573 15506
17 16 brock400_2 100000 49098 115659
17 16 brock400_2 10000 359857 1119866
17 16 brock400_3 10000000 59018 1611
17 16 brock400_3 1000000 16971 4792
17 16 brock400_3 100000 37845 84910
17 16 brock400_3 10000 172972 531206
1 16 brock400_1 10000 nan nan
1 2 brock800_3 100000 nan nan
17 16 brock800_3 10000000 178825 13675
17 16 brock800_3 1000000 142935 137392
17 16 brock800_3 100000 796376 2154402
17 16 brock800_3 10000 2561047 8079611
17 16 brock800_4 10000000 259037 22547
17 16 brock800_4 1000000 189419 179498
17 16 brock800_4 100000 532585 1423830
17 16 brock800_4 10000 3089466 9738803
1 2 brock800_3 10000 nan nan
17 16 brock400_1 10000000 113749 1959
17 16 brock400_1 1000000 39229 15592
17 16 brock400_1 100000 49756 117849
17 16 brock400_1 10000 422690 1314524
17 16 brock400_2 10000000 60691 1637
17 16 brock400_2 1000000 35055 13501
17 16 brock400_2 100000 52013 124814
17 16 brock400_2 10000 195937 604802
1 16 brock800_4 10000000 1551298 14923
17 16 brock400_3 10000000 43656 2382
17 16 brock400_3 1000000 32355 12106
17 16 brock400_3 100000 38462 89798
17 16 brock400_3 10000 118293 361547
17 16 brock800_3 10000000 312600 23826
17 16 brock800_3 1000000 138245 118937
17 16 brock800_3 100000 588121 1556119
17 16 brock800_3 10000 nan nan
17 16 brock800_4 10000000 188618 15775
17 16 brock800_4 1000000 141331 123279
1 16 brock800_4 1000000 1969821 130605
17 16 brock800_4 100000 376423 963318
17 16 brock800_4 10000 2210412 6936694
17 16 brock400_1 10000000 77773 866
17 16 brock400_1 1000000 65306 16681
17 16 brock400_1 100000 54566 130730
17 16 brock400_1 10000 298819 919308
1 16 brock800_4 100000 nan nan
17 16 brock400_2 10000000 127613 3907
17 16 brock400_2 1000000 33684 11171
17 16 brock400_2 100000 50879 117433
17 16 brock400_2 10000 384875 1190380
17 16 brock400_3 10000000 23039 1191
17 16 brock400_3 1000000 22300 6632
17 16 brock400_3 100000 44143 103940
17 16 brock400_3 10000 264596 822427
17 16 brock800_3 10000000 274921 18522
17 16 brock800_3 1000000 148672 141491
1 16 brock800_4 10000 nan nan
17 16 brock800_3 100000 373813 987116
17 16 brock800_3 10000 2900871 9096832
17 16 brock800_4 10000000 166432 10651
17 16 brock800_4 1000000 187657 184720
17 16 brock800_4 100000 425485 1131226
17 16 brock800_4 10000 nan nan
1 2 brock800_4 10000000 2118730 12093
1 2 brock800_4 1000000 nan nan
1 2 brock800_4 100000 nan nan
1 2 brock800_4 10000 nan nan
1 2 brock400_1 10000000 509773 2199
1 16 brock400_1 10000000 490839 2769
1 16 brock400_1 1000000 472347 19049
1 2 brock400_1 1000000 746996 13358
1 16 brock400_1 100000 1111685 173212
1 16 brock400_1 10000 nan nan
1 2 brock400_1 10000000 445463 2355
1 2 brock400_1 1000000 926577 17236
1 2 brock400_1 100000 nan nan
1 2 brock400_1 10000 nan nan
1 16 brock400_2 10000000 168876 1458
1 16 brock400_2 1000000 164163 8022
1 16 brock400_2 100000 616760 95565
1 16 brock400_2 10000 2475196 465677
1 2 brock400_1 100000 nan nan
1 2 brock400_2 10000000 377297 1381
1 2 brock400_2 1000000 634578 11321
1 2 brock400_2 100000 nan nan
1 2 brock400_2 10000 nan nan
1 16 brock400_3 10000000 151715 1042
1 16 brock400_3 1000000 209901 10122
1 16 brock400_3 100000 391436 62312
1 16 brock400_3 10000 1860142 351491
1 2 brock400_3 10000000 234512 1366
1 2 brock400_3 1000000 611083 12512
1 2 brock400_1 10000 nan nan
1 2 brock400_3 100000 2891938 96421
1 2 brock400_3 10000 nan nan
1 16 brock800_3 10000000 nan nan
1 16 brock800_3 1000000 nan nan
1 16 brock800_3 100000 nan nan
1 16 brock800_3 10000 nan nan
1 2 brock800_3 10000000 nan nan
1 2 brock800_3 1000000 nan nan
1 2 brock800_3 100000 nan nan
1 2 brock800_3 10000 nan nan
1 16 brock400_2 10000000 168061 2240
1 16 brock800_4 10000000 1365652 13966
1 16 brock800_4 1000000 2229188 137115
1 16 brock800_4 100000 nan nan
1 16 brock800_4 10000 nan nan
1 2 brock800_4 10000000 2087410 12164
1 2 brock800_4 1000000 nan nan
1 2 brock800_4 100000 nan nan
1 2 brock800_4 10000 nan nan
1 16 brock400_2 1000000 168467 9003
1 16 brock400_1 10000000 411105 3546
1 16 brock400_1 1000000 489300 20673
1 16 brock400_1 100000 966792 148193
1 16 brock400_1 10000 nan nan
